gold_speaker	gold_word	whisper_speaker	whisper_word
BO087	insomma	[SPEAKER_B]	insomma
BO087	dispiacere	-	-
BO089	ah	-	-
BO089	avevano	[SPEAKER_B]	avevano
BO089	proprio	[SPEAKER_B]	proprio
BO089	loro	[SPEAKER_B]	loro
BO089	una	[SPEAKER_B]	una
BO089	loro	[SPEAKER_B]	loro
BO089	tipografia	[SPEAKER_B]	tipografia
BO087	sì	[SPEAKER_A]	sì
BO087	mh	-	-
BO087	l'avevano	[SPEAKER_A]	l'avevano
BO087	sotto	[SPEAKER_A]	sotto
BO087	casa	[SPEAKER_A]	casa
BO087	una	[SPEAKER_A]	una
BO087	tipografia	[SPEAKER_A]	tipografia
BO087	andavan	-	-
BO087	insomma	-	-
BO089	e	[SPEAKER_A]	e
BO089	a	[SPEAKER_A]	a
BO089	chi	[SPEAKER_A]	chi
BO089	l'hanno	[SPEAKER_A]	l'hanno
BO089	venduta	[SPEAKER_A]	venduta
BO087	no	[SPEAKER_A]	no
BO087	mh	[SPEAKER_A]	ci
BO087	c'hanno	[SPEAKER_A]	hanno
BO087	fatto	[SPEAKER_A]	fatto
BO087	un'altra	[SPEAKER_A]	un'altra
BO087	casa	[SPEAKER_A]	casa
BO087	adesso	[SPEAKER_A]	adesso
BO087	hanno	[SPEAKER_A]	hanno
BO087	chiuso	[SPEAKER_A]	chiuso
BO087	proprio	[SPEAKER_A]	proprio
BO089	e	[SPEAKER_B]	e'
BO089	i	[SPEAKER_B]	anche
BO089	materiali	[SPEAKER_B]	la
BO089	xx	[SPEAKER_B]	nuova
BO089	no	[SPEAKER_B]	indutta
-	-	[SPEAKER_B]	hanno
-	-	[SPEAKER_B]	chiuso
-	-	[SPEAKER_B]	proprio
BO089	ma	[SPEAKER_B]	ma
BO089	i	[SPEAKER_B]	i
BO089	materiali	[SPEAKER_B]	materiali
BO089	di	[SPEAKER_B]	tipografici
BO089	tipografia	[SPEAKER_B]	non
BO089	dove	-	-
BO089	sono	[SPEAKER_B]	sono
BO089	finiti	[SPEAKER_B]	finiti
BO087	non	-	-
BO087	non	[SPEAKER_B]	non
BO087	ne	[SPEAKER_B]	ne
BO087	ho	[SPEAKER_B]	ho
BO087	idea	[SPEAKER_B]	idea
BO089	adesso	[SPEAKER_B]	adesso
BO089	lei	[SPEAKER_B]	lei
BO089	si	[SPEAKER_B]	si
BO089	informa	[SPEAKER_B]	informa
BO089	e	[SPEAKER_B]	si
BO089	mi	[SPEAKER_B]	chiude
BO089	sscrive	-	-
BO089	una	[SPEAKER_B]	una
BO089	mail	[SPEAKER_B]	mail
BO089	per	-	-
BO089	favore	-	-
BO087	mi	-	-
BO087	infor~	-	-
BO087	va	-	-
BO087	bene	-	-
BO089	si	[SPEAKER_B]	si
BO089	informa	[SPEAKER_B]	informa
BO089	dalla	[SPEAKER_B]	dall'azienda
BO089	zia	-	-
BO087	va	-	-
BO087	bene	-	-
BO087	va	-	-
BO087	bene	-	-
BO089	e	[SPEAKER_B]	e
BO089	dice	[SPEAKER_B]	dice
BO089	che	[SPEAKER_B]	che
BO089	il	[SPEAKER_B]	il
BO089	bianchi	[SPEAKER_B]	tinti
BO089	che	[SPEAKER_B]	è
BO089	è	[SPEAKER_B]	un
BO089	un'appassionato	[SPEAKER_B]	appassionato
BO089	di	[SPEAKER_B]	della
BO089	tipografia	[SPEAKER_B]	tipografia
BO087	che	[SPEAKER_B]	vuole
BO087	comunque	-	-
BO087	è	-	-
BO089	eh	-	-
BO089	mh	-	-
BO089	vuol	-	-
BO089	sapere	[SPEAKER_B]	sapere
BO089	dove	[SPEAKER_B]	dove
BO089	son	[SPEAKER_B]	sono
BO089	finite	[SPEAKER_B]	finite
BO089	le	[SPEAKER_B]	le
BO089	sue	[SPEAKER_B]	sue
BO089	i	-	-
BO089	suoi	-	-
BO089	materiali	[SPEAKER_B]	materiali
BO087	va	[SPEAKER_B]	va
BO087	bene	[SPEAKER_B]	bene
BO087	glielo	[SPEAKER_B]	gliele
BO087	chiederò	[SPEAKER_B]	chiederò
BO089	perché	[SPEAKER_A]	grazie
BO089	se	[SPEAKER_A]	mille
BO089	sono	[SPEAKER_A]	comunque
BO089	in	-	-
BO089	un	-	-
BO089	magazzino	-	-
BO087	perché	[SPEAKER_A]	perché
BO087	comunque	[SPEAKER_A]	comunque
BO087	ero	[SPEAKER_A]	ero
BO087	piccolina	[SPEAKER_A]	piccolina
BO087	avevano	[SPEAKER_A]	erano
BO087	insomma	-	-
BO087	era	-	-
BO087	quasi	[SPEAKER_A]	quasi
BO087	alla	[SPEAKER_A]	alla
BO087	fine	[SPEAKER_A]	fine
BO087	sì	-	-
BO087	sì	-	-
BO087	mh	-	-
BO087	ah	-	-
BO087	si	[SPEAKER_A]	si
BO087	parla	[SPEAKER_A]	parla
BO087	di	[SPEAKER_A]	di
BO089	qurant'anni	[SPEAKER_A]	quaranta
-	-	[SPEAKER_A]	anni
BO089	fa	[SPEAKER_A]	fa
BO089	più	-	-
BO089	o	-	-
BO089	meno	-	-
BO087	boh	-	-
BO087	non	-	-
BO087	anni	[SPEAKER_A]	anni
BO087	settanta	[SPEAKER_A]	settanta
BO087	o	-	-
BO087	ottanta	[SPEAKER_A]	ottanta
BO087	credo	[SPEAKER_A]	credo
BO089	lei	[SPEAKER_A]	messi
BO089	si	[SPEAKER_A]	in
BO089	informi	[SPEAKER_A]	fuori
BO089	magari	[SPEAKER_A]	magari
BO089	le	[SPEAKER_A]	le
BO089	dicono	[SPEAKER_A]	dicono
BO089	che	[SPEAKER_A]	che
BO089	le	[SPEAKER_A]	l'hanno
BO089	hanno	[SPEAKER_A]	messa
BO089	messe	-	-
BO089	in	[SPEAKER_A]	in
BO089	una	[SPEAKER_A]	una
BO089	casa	[SPEAKER_A]	casa
BO089	di	[SPEAKER_A]	di
BO089	campagna	[SPEAKER_A]	campagna
BO089	e	[SPEAKER_B]	grazie
BO089	va	[SPEAKER_B]	quaranta
BO089	bene	[SPEAKER_B]	anni
BO087	mh	[SPEAKER_B]	fa
BO087	mh	[SPEAKER_B]	messi
BO089	e	[SPEAKER_B]	in
-	-	[SPEAKER_B]	foro
-	-	[SPEAKER_B]	magari
-	-	[SPEAKER_B]	le
-	-	[SPEAKER_B]	dicono
-	-	[SPEAKER_B]	che
-	-	[SPEAKER_B]	l'hanno
-	-	[SPEAKER_B]	messo
-	-	[SPEAKER_B]	in
-	-	[SPEAKER_B]	una
-	-	[SPEAKER_B]	casa
-	-	[SPEAKER_B]	di
-	-	[SPEAKER_B]	campagna
BO089	sono	[SPEAKER_B]	sono
BO089	materiali	[SPEAKER_B]	materiali
BO089	imporanti	[SPEAKER_B]	importanti
BO087	va	-	-
BO087	bene	-	-
BO087	allora	-	-
BO087	glielo	-	-
BO087	chiederò	-	-
BO089	quindi	[SPEAKER_B]	quindi
BO089	il	[SPEAKER_B]	il
BO089	tipograf	-	-
BO089	in	-	-
BO089	origine	-	-
BO089	era	-	-
BO089	il	-	-
BO089	tipografo	[SPEAKER_B]	tipografo
-	-	[SPEAKER_B]	l'originale
-	-	[SPEAKER_B]	tipografo
-	-	[SPEAKER_B]	il
BO089	povero	[SPEAKER_B]	povero
BO089	tipografo	[SPEAKER_B]	tipografo
BO089	che	[SPEAKER_B]	che
BO089	doveva	[SPEAKER_B]	doveva
BO087	tipografo	[SPEAKER_B]	stampare
BO087	mh	-	-
BO087	sì	-	-
BO087	stampato	-	-
BO087	il	[SPEAKER_B]	il
BO087	libro	[SPEAKER_B]	libro
BO087	andare	[SPEAKER_B]	andare
BO087	a	[SPEAKER_B]	a
BO087	guardarlo	[SPEAKER_B]	portarlo
BO087	anche	[SPEAKER_B]	anche
BO087	perché	[SPEAKER_B]	perché
BO089	quando	[SPEAKER_B]	quando
BO089	il	[SPEAKER_B]	il
BO089	diritto	[SPEAKER_B]	diritto
BO089	di	[SPEAKER_B]	di
BO089	stampa	[SPEAKER_B]	stampa
BO089	nasce	[SPEAKER_B]	nasce
BO089	lei	[SPEAKER_B]	lei
BO089	non	[SPEAKER_B]	non
BO089	lo	[SPEAKER_B]	lo
BO089	sa	[SPEAKER_B]	sa
BO089	ma	[SPEAKER_B]	ma
BO089	nasce	[SPEAKER_B]	nasce
BO089	intorno	[SPEAKER_B]	intorno
BO089	al	[SPEAKER_B]	al
BO089	sedicesimo	[SPEAKER_B]	xvi
BO089	secolo	[SPEAKER_B]	secolo
BO089	in	[SPEAKER_B]	in
BO089	francia	[SPEAKER_B]	francia
BO087	mh	-	-
BO087	mh	-	-
BO087	mh	-	-
BO089	gli	[SPEAKER_B]	gli
BO089	editori	[SPEAKER_B]	editori
BO089	non	[SPEAKER_B]	non
BO089	c'erano	[SPEAKER_B]	c'erano
BO089	ancora	[SPEAKER_B]	ancora
BO087	sì	[SPEAKER_B]	sì
BO087	no	[SPEAKER_B]	no
BO087	certo	-	-
BO089	xx	-	-
BO089	più	-	-
BO089	tipografi	-	-
BO087	c'erano	[SPEAKER_B]	c'erano
BO087	i	[SPEAKER_B]	i
BO087	tipografi	[SPEAKER_B]	tipografi
BO089	eh	-	-
BO089	mh	-	-
BO089	e	[SPEAKER_B]	e
BO089	oggi	[SPEAKER_B]	oggi
BO089	invece	[SPEAKER_B]	invece
BO089	spetta	[SPEAKER_B]	aspetta
BO089	all'editore	[SPEAKER_B]	l'editore
BO089	e	[SPEAKER_B]	e
BO089	oggi	[SPEAKER_B]	oggi
BO089	si	[SPEAKER_B]	si
BO089	chiama	[SPEAKER_B]	chiama
BO089	deposito	[SPEAKER_B]	deposito
BO089	legale	[SPEAKER_B]	legale
BO087	legale	[SPEAKER_A]	va
BO089	mh	[SPEAKER_A]	bene
-	-	[SPEAKER_A]	allora
-	-	[SPEAKER_A]	io
-	-	[SPEAKER_A]	lo
-	-	[SPEAKER_A]	chiedo
-	-	[SPEAKER_A]	tipografo
-	-	[SPEAKER_A]	grazie
-	-	[SPEAKER_A]	sì
-	-	[SPEAKER_A]	no
-	-	[SPEAKER_A]	certo
-	-	[SPEAKER_A]	c'era
-	-	[SPEAKER_A]	un'antipogra
BO087	quindi	[SPEAKER_A]	quindi
BO087	il	[SPEAKER_A]	il
BO087	deposito	[SPEAKER_A]	deposito
BO087	di	[SPEAKER_A]	di
BO089	esempio	-	-
BO089	stamp	-	-
BO089	eh	-	-
BO089	mh	-	-
BO089	di	[SPEAKER_B]	di
BO089	tipografia	[SPEAKER_B]	tipografia
BO089	di	[SPEAKER_B]	di
BO089	bibliografia	[SPEAKER_B]	bibliografia
BO089	internazionale	[SPEAKER_B]	internazionale
BO087	eh	[SPEAKER_A]	ehm
BO087	mh	[SPEAKER_B]	puoi
BO089	può	-	-
BO089	anche	[SPEAKER_B]	anche
BO089	prendere	[SPEAKER_B]	prendere
BO089	il	[SPEAKER_B]	il
BO089	manuale	[SPEAKER_B]	manuale
BO089	e	[SPEAKER_B]	e
BO089	sfogliarlo	[SPEAKER_B]	sfogliarlo
BO089	eh	-	-
BO089	non	[SPEAKER_A]	non
BO089	ce	[SPEAKER_A]	ce
BO089	l'ho	[SPEAKER_A]	l'ho
BO089	dietro	[SPEAKER_A]	dietro
BO089	il	[SPEAKER_A]	il
BO089	manuale	[SPEAKER_A]	manuale
BO089	eh	-	-
BO089	mh	-	-
BO089	internazionale	[SPEAKER_A]	internazionale
BO089	mh	-	-
BO089	eh	-	-
BO089	mh	-	-
BO087	mh	-	-
BO087	no	[SPEAKER_A]	no
BO087	parliamo	[SPEAKER_A]	parliamo
BO087	di	[SPEAKER_A]	di
BO087	bilbiografia	[SPEAKER_A]	bibliografia
BO087	non	[SPEAKER_A]	non
BO087	di	[SPEAKER_A]	di
BO087	catalogo	[SPEAKER_A]	catalogo
BO087	quindi	-	-
BO089	mh	-	-
BO089	mh	-	-
BO089	brava	[SPEAKER_B]	brava
BO089	eh	-	-
BO087	un	[SPEAKER_A]	un
BO087	esempio	[SPEAKER_A]	esempio
BO087	proprio	[SPEAKER_A]	proprio
BO087	devo	[SPEAKER_A]	devo
BO087	fare	[SPEAKER_A]	fare
BO087	mh	-	-
BO087	mh	-	-
BO089	mi	[SPEAKER_B]	mi
BO089	piacerebbe	[SPEAKER_B]	piacerebbe
BO089	eh	[SPEAKER_A]	grazie
BO089	non	[SPEAKER_A]	non
BO089	so	[SPEAKER_A]	so
BO089	la	[SPEAKER_A]	la
BO089	stessa	[SPEAKER_A]	stessa
BO089	bibliografia	[SPEAKER_A]	bibliografia
BO089	delle	[SPEAKER_A]	delle
BO089	opere	[SPEAKER_A]	opere
BO089	mh	-	-
BO089	italiane	[SPEAKER_A]	italiane
BO089	tradotte	[SPEAKER_A]	tradotte
BO089	in	[SPEAKER_A]	in
BO089	cinese	[SPEAKER_A]	cinese
BO089	pubblicate	[SPEAKER_A]	pubblicate
BO089	in	[SPEAKER_A]	in
BO089	cina	[SPEAKER_A]	cina
BO089	quindi	[SPEAKER_A]	quindi
BO089	relative	[SPEAKER_A]	relative
BO089	a	[SPEAKER_A]	a
BO089	a	-	-
BO089	una	[SPEAKER_A]	una
BO089	lingua	[SPEAKER_A]	lingua
BO089	comunque	[SPEAKER_A]	comunque
BO089	sia	-	-
BO089	straniera	[SPEAKER_A]	straniera
BO089	diversa	[SPEAKER_A]	diversa
BO089	dalla	-	-
BO087	dalla	[SPEAKER_A]	dalla
BO087	lingua	[SPEAKER_A]	lingua
BO087	cinese	[SPEAKER_A]	cinese
BO089	giusto	[SPEAKER_B]	giusto
BO089	purché	[SPEAKER_B]	purché
BO089	siano	[SPEAKER_B]	siano
BO089	stampate	[SPEAKER_B]	stampate
BO089	e	[SPEAKER_B]	e
BO089	pubblicate	[SPEAKER_B]	pubblicate
BO089	in	[SPEAKER_B]	in
BO089	tanti	[SPEAKER_B]	tanti
BO087	eh	-	-
BO087	mh	-	-
BO089	paesi	[SPEAKER_B]	paesi
BO089	diversi	[SPEAKER_B]	diversi
BO087	sì	-	-
BO087	cina	[SPEAKER_B]	cina
BO087	mh	[SPEAKER_B]	dove
BO089	dov'è	-	-
BO089	che	-	-
BO089	si	-	-
BO089	dov'è	-	-
BO089	che	-	-
BO089	si	[SPEAKER_B]	si
BO089	stampa	[SPEAKER_B]	stampa
BO089	cinese	[SPEAKER_B]	cinese
BO087	oltre	[SPEAKER_B]	oltre
BO087	che	[SPEAKER_B]	che
BO087	in	[SPEAKER_B]	in
BO087	cina	[SPEAKER_B]	cina
BO089	shanghai	[SPEAKER_B]	shanghain
BO087	mhmh	-	-
BO089	che	[SPEAKER_B]	che
BO089	non	[SPEAKER_B]	non
BO089	è	[SPEAKER_B]	è
BO089	in	[SPEAKER_B]	in
BO089	cina	[SPEAKER_B]	cina
BO087	sì	[SPEAKER_A]	non
BO087	sì	[SPEAKER_A]	è
BO087	sì	[SPEAKER_A]	in
-	-	[SPEAKER_A]	cina
-	-	[SPEAKER_A]	si
-	-	[SPEAKER_A]	si
-	-	[SPEAKER_A]	si
BO089	ma	[SPEAKER_A]	ma
BO089	shanghai	-	-
BO089	non	[SPEAKER_A]	non
BO089	è	[SPEAKER_A]	è
BO089	autonoma	[SPEAKER_A]	autonoma
BO089	no	[SPEAKER_A]	no
BO089	è	[SPEAKER_A]	è
BO089	stata	[SPEAKER_A]	stata
BO089	riassorbita	[SPEAKER_A]	riassorbita
BO087	era	[SPEAKER_A]	era
BO087	taiwan	[SPEAKER_A]	taiwan
BO087	forse	[SPEAKER_A]	forse
BO089	era	-	-
BO089	autonoma	-	-
BO089	ah	[SPEAKER_A]	ah
BO089	taiwan	[SPEAKER_A]	taiwan
BO087	taiwan	-	-
BO089	taiwan	-	-
BO089	è	[SPEAKER_A]	è
BO089	ancora	[SPEAKER_A]	ancora
BO089	autonoma	[SPEAKER_A]	autonoma
BO089	l'isola	-	-
BO089	di	-	-
BO089	formosa	-	-
BO087	credo	[SPEAKER_A]	credo
BO087	di	[SPEAKER_A]	di
BO087	no	[SPEAKER_A]	no
BO089	anche	-	-
BO089	lei	-	-
BO089	è	[SPEAKER_A]	è
BO089	stata	[SPEAKER_A]	stata
BO089	assorbita	[SPEAKER_A]	assorbita
BO089	alla	[SPEAKER_A]	da
BO089	cina	[SPEAKER_A]	cina
BO089	è	[SPEAKER_B]	no
BO089	ritornata	[SPEAKER_B]	è
BO089	sì	[SPEAKER_B]	stata
BO087	sì	[SPEAKER_B]	riassorbita
BO087	sì	[SPEAKER_B]	era
-	-	[SPEAKER_B]	a
-	-	[SPEAKER_B]	taiwan
-	-	[SPEAKER_B]	forse
-	-	[SPEAKER_B]	anche
-	-	[SPEAKER_B]	lei
-	-	[SPEAKER_B]	è
-	-	[SPEAKER_B]	stata
-	-	[SPEAKER_B]	assorbita
-	-	[SPEAKER_B]	da
-	-	[SPEAKER_B]	cina
BO089	beh	[SPEAKER_B]	beh
BO089	forse	[SPEAKER_B]	forse
BO089	magari	[SPEAKER_B]	magari
BO089	non	-	-
BO089	so	-	-
BO089	in	[SPEAKER_B]	in
BO089	india	[SPEAKER_B]	india
BO089	si	[SPEAKER_B]	si
BO089	stampa	[SPEAKER_B]	stampa
BO089	pure	[SPEAKER_B]	pure
BO089	cinese	[SPEAKER_B]	cinese
BO087	sì	[SPEAKER_A]	sì
BO089	una	-	-
BO089	def~	-	-
BO087	giappone	[SPEAKER_A]	giappone
BO087	forse	[SPEAKER_A]	forse
BO087	anche	[SPEAKER_A]	anche
BO089	giappone	[SPEAKER_A]	corea
BO089	mh	[SPEAKER_A]	del
BO089	giappone	[SPEAKER_A]	nord
BO087	no	-	-
BO089	non	-	-
BO089	lo	-	-
BO089	so	-	-
BO087	corea	[SPEAKER_B]	corea
BO087	del	[SPEAKER_B]	del
BO087	nord	[SPEAKER_B]	nord
BO087	esempio	[SPEAKER_B]	esempio
BO087	di	[SPEAKER_B]	di
BO087	bibliogra~	-	-
BO087	corea	-	-
BO087	del	-	-
BO087	nord	-	-
BO087	esempio	-	-
BO087	di	-	-
BO087	bibliografia	[SPEAKER_B]	bibliografia
BO087	invece	[SPEAKER_B]	invece
BO087	locale	[SPEAKER_B]	locale
BO089	questo	[SPEAKER_A]	il
BO089	è	-	-
BO089	più	-	-
BO089	difficile	-	-
BO089	eh	-	-
BO089	locale	[SPEAKER_A]	locale
-	-	[SPEAKER_A]	è
BO089	ad	[SPEAKER_A]	ad
BO089	esempio	[SPEAKER_A]	esempio
BO089	le	[SPEAKER_A]	le
BO089	bibliografie	[SPEAKER_A]	bibliografie
BO089	che	[SPEAKER_A]	che
BO089	abbiamo	[SPEAKER_A]	abbiamo
BO089	nel	[SPEAKER_A]	nel
BO089	eh	[SPEAKER_A]	xvii
BO089	mh	-	-
BO089	eh	-	-
BO089	diciassettesimo	-	-
BO089	secolo	[SPEAKER_A]	secolo
BO089	tipo	[SPEAKER_A]	tipo
BO089	relative	[SPEAKER_A]	relative
BO089	all'area	[SPEAKER_A]	all'area
BO089	romana	[SPEAKER_A]	romana
BO087	di	[SPEAKER_A]	di
BO087	eh	[SPEAKER_A]	allacci
BO087	allaccia	[SPEAKER_A]	a
BO087	xurbana	[SPEAKER_A]	pesturbana
BO087	e	[SPEAKER_A]	e
BO087	drammaturgia	[SPEAKER_A]	drammaturgia
BO087	brava	[SPEAKER_A]	e
BO087	brava	[SPEAKER_A]	di
BO089	brava	-	-
BO087	e	-	-
BO087	di	-	-
BO087	topi	-	-
BO087	mh	-	-
BO087	vece	-	-
BO087	mh	-	-
BO087	nie~	-	-
BO089	toppi	[SPEAKER_A]	toppi
BO087	toppi	[SPEAKER_A]	invece
BO087	ah	[SPEAKER_A]	o
BO089	nicolò	[SPEAKER_A]	personal
BO089	toppi	[SPEAKER_A]	p
BO087	ho	-	-
BO087	per	-	-
BO087	una	-	-
BO087	pi	-	-
BO087	per	[SPEAKER_A]	per
BO087	strada	[SPEAKER_A]	strada
BO089	sì	[SPEAKER_A]	e
BO087	eh	[SPEAKER_A]	la
BO087	mh	[SPEAKER_A]	biblioteca
BO087	e	-	-
BO087	la	-	-
BO087	bibioteca	-	-
BO087	napoletana	[SPEAKER_A]	napoletana
BO087	brava	[SPEAKER_A]	brava
BO089	molto	[SPEAKER_A]	molto
BO089	brava	[SPEAKER_A]	brava
BO087	quindi	[SPEAKER_B]	ho
BO087	eh	[SPEAKER_B]	perso
-	-	[SPEAKER_B]	una
-	-	[SPEAKER_B]	pipa
-	-	[SPEAKER_B]	in
-	-	[SPEAKER_B]	strada
-	-	[SPEAKER_B]	brava
-	-	[SPEAKER_B]	molto
-	-	[SPEAKER_B]	brava
BO087	ultima	[SPEAKER_B]	ultima
BO087	domanda	[SPEAKER_B]	domanda
BO089	guerrini	[SPEAKER_B]	guerrini
BO089	l	-	-
BO089	spiega	[SPEAKER_B]	spiega
BO089	agli	[SPEAKER_B]	agli
BO089	studenti	[SPEAKER_B]	studenti
BO089	universitari	[SPEAKER_B]	universitari
BO089	la	[SPEAKER_B]	la
BO089	biblioteca	[SPEAKER_B]	biblioteca
BO087	sì	-	-
BO087	e	[SPEAKER_B]	e
BO087	spiega	[SPEAKER_B]	spiega
BO087	la	[SPEAKER_B]	la
BO087	differenza	[SPEAKER_B]	differenza
BO087	tra	[SPEAKER_B]	tra
BO087	eh	-	-
BO087	il	[SPEAKER_B]	il
BO087	catalogo	[SPEAKER_B]	catalogo
BO087	tradizionale	[SPEAKER_B]	tradizionale
BO087	e	[SPEAKER_B]	e
BO087	l'opac	[SPEAKER_B]	l'opac
BO089	cos'è	-	-
BO089	l'opac	-	-
BO089	quali	[SPEAKER_B]	quali
BO089	sono	[SPEAKER_B]	sono
BO089	i	-	-
BO089	suoi	-	-
BO087	mh	-	-
BO087	mh	-	-
BO087	orrizzonti	-	-
BO087	i	[SPEAKER_B]	i
BO087	suoi	[SPEAKER_B]	suoi
BO087	vantaggi	[SPEAKER_B]	vantaggi
BO087	e	[SPEAKER_B]	e
BO087	anche	[SPEAKER_B]	anche
BO087	i	[SPEAKER_B]	i
BO087	suoi	[SPEAKER_B]	suoi
BO087	limiti	[SPEAKER_B]	limiti
BO089	okay	[SPEAKER_A]	sì
BO089	sì	-	-
BO089	eh	-	-
BO089	mh	-	-
BO089	allora	[SPEAKER_A]	allora
BO089	mh	-	-
BO089	l'opac	[SPEAKER_A]	l'opac
BO089	praticamente	-	-
BO089	è	-	-
BO089	un	-	-
BO089	letteralmente	[SPEAKER_A]	letteralmente
BO089	significa	[SPEAKER_A]	significa
BO089	on	[SPEAKER_A]	online
BO089	line	-	-
BO089	public	[SPEAKER_A]	public
BO089	acces	[SPEAKER_A]	access
BO089	catagolg	[SPEAKER_A]	catalog
BO089	eh	-	-
BO089	ed	[SPEAKER_A]	ed
BO089	è	[SPEAKER_A]	è
BO089	un	[SPEAKER_A]	un
BO089	servizio	[SPEAKER_A]	servizio
BO089	che	[SPEAKER_A]	che
BO089	viene	[SPEAKER_A]	viene
BO089	offir~	-	-
BO089	offerto	[SPEAKER_A]	offerto
BO089	dalle	-	-
BO089	dalle	[SPEAKER_A]	dalle
BO089	biblioteche	[SPEAKER_A]	biblioteche
BO089	per	[SPEAKER_A]	per
BO089	poter	[SPEAKER_A]	poter
BO089	ricercare	[SPEAKER_A]	ricercare
BO089	documenti	[SPEAKER_A]	documenti
BO089	attraverso	[SPEAKER_A]	attraverso
BO089	la	[SPEAKER_A]	la
BO089	compilazione	[SPEAKER_A]	compilazione
BO089	di	[SPEAKER_A]	di
BO089	vari	[SPEAKER_A]	vari
BO089	di	-	-
BO089	vari	-	-
BO089	filtri	[SPEAKER_A]	filtri
BO089	eh	[SPEAKER_A]	che
BO089	che	[SPEAKER_A]	possono
BO089	permettono	-	-
BO089	quindi	-	-
BO089	possno	-	-
BO089	permettere	[SPEAKER_A]	permettere
BO089	mh	-	-
BO089	una	[SPEAKER_A]	una
BO089	serie	[SPEAKER_A]	serie
BO089	di	[SPEAKER_A]	di
BO089	ricerche	[SPEAKER_A]	ricerche
BO089	eh	-	-
BO089	che	-	-
BO089	mh	-	-
BO089	che	-	-
BO089	rien~	-	-
BO089	serie	-	-
BO089	di	-	-
BO089	ricerche	-	-
BO089	che	[SPEAKER_A]	che
BO089	rientrano	[SPEAKER_A]	rientrano
BO089	eh	-	-
BO089	nel	[SPEAKER_A]	nel
BO089	eh	-	-
BO089	eh	-	-
BO089	mh	-	-
BO089	non	-	-
BO089	mi	[SPEAKER_A]	mi
BO089	ritorna	[SPEAKER_A]	ritorno
BO089	il	[SPEAKER_A]	al
BO089	nome	[SPEAKER_A]	nome
BO089	in	[SPEAKER_A]	in
BO089	inglese	[SPEAKER_A]	inglese
BO089	e	-	-
BO089	mh	-	-
BO087	e	-	-
BO087	mh	-	-
BO089	che	-	-
BO089	cosa	-	-
BO089	xxx	-	-
BO089	le	-	-
BO089	le	[SPEAKER_A]	le
BO089	varie	[SPEAKER_A]	varie
BO089	metodologia	[SPEAKER_A]	metodologie
BO089	di	[SPEAKER_A]	di
BO089	ricerca	[SPEAKER_A]	ricerca
BO089	per	[SPEAKER_A]	per
BO089	parole	[SPEAKER_A]	parole
BO089	scorrimento	[SPEAKER_A]	scorrimento
BO089	di	[SPEAKER_A]	di
BO089	liste	[SPEAKER_A]	liste
BO089	alfabetiche	[SPEAKER_A]	alfabetiche
BO089	eh	[SPEAKER_A]	information
BO089	mh	[SPEAKER_A]	retrieval
BO087	inrformation	-	-
BO087	retrivial	-	-
BO089	vari	[SPEAKER_A]	vari
BO089	sistemi	[SPEAKER_A]	sistemi
BO089	di	[SPEAKER_A]	vari
BO089	information	-	-
BO089	retrivial	-	-
BO089	eh	-	-
BO089	vai	-	-
BO089	sistemi	[SPEAKER_A]	sistemi
BO089	di	[SPEAKER_A]	sì
BO089	mh	-	-
BO089	sì	-	-
BO089	eh	-	-
BO089	mh	-	-
BO089	eh	-	-
BO089	mh	-	-
BO089	eh	-	-
BO089	eh	-	-
BO089	mh	-	-
BO089	la	-	-
BO089	cara~	-	-
BO089	mh	-	-
BO089	è	[SPEAKER_A]	è
BO089	formato	[SPEAKER_A]	formato
BO089	insomma	-	-
BO089	da	[SPEAKER_A]	da
BO089	tutte	[SPEAKER_A]	tutte
BO089	quelle	[SPEAKER_A]	quelle
BO089	che	[SPEAKER_A]	che
BO089	sono	[SPEAKER_A]	sono
BO089	le	[SPEAKER_A]	le
BO089	registrazioni	[SPEAKER_A]	registrazioni
BO089	eh	-	-
BO089	mh	-	-
BO089	bibliografiche	[SPEAKER_A]	bibliografiche
BO089	dei	[SPEAKER_A]	dei
BO089	vari	[SPEAKER_A]	vari
BO089	eh	[SPEAKER_A]	documenti
BO089	mh	-	-
BO089	dei	-	-
BO089	vari	-	-
BO089	documeìnti	-	-
BO089	eh	-	-
BO089	quindi	[SPEAKER_A]	quindi
BO089	i	-	-
BO089	vari	[SPEAKER_A]	vari
BO089	records	[SPEAKER_A]	records
BO089	eh	[SPEAKER_A]	che
BO089	che	[SPEAKER_A]	sono
BO089	sono	-	-
BO089	eh	-	-
BO089	caratterizzati	[SPEAKER_A]	caratterizzati
BO089	da	[SPEAKER_A]	da
BO089	vari	[SPEAKER_A]	vari
BO089	campi	[SPEAKER_A]	campi
BO089	vari	[SPEAKER_A]	vari
BO089	fields	[SPEAKER_A]	fields
BO087	quindi	[SPEAKER_A]	quindi
BO087	autore	[SPEAKER_A]	autore
BO087	titolo	[SPEAKER_A]	titolo
BO087	dell'opera	[SPEAKER_A]	dell'opera
BO087	mh	-	-
BO087	anno	[SPEAKER_A]	anno
BO087	di	[SPEAKER_A]	di
BO087	pubblicazione	[SPEAKER_A]	pubblicazione
BO087	soggetto	[SPEAKER_A]	soggetto
BO087	eccetera	[SPEAKER_A]	eccetera
BO089	soggetto	-	-
BO089	editore	-	-
BO089	luogo	[SPEAKER_A]	luogo
BO089	di	[SPEAKER_A]	di
BO089	pubblicazione	[SPEAKER_A]	pubblicazione
BO089	luogo	[SPEAKER_A]	e
BO089	di	[SPEAKER_A]	che
BO089	pubblicazione	[SPEAKER_A]	insomma
BO089	e	-	-
BO089	eh	-	-
BO089	che	-	-
BO089	mh	-	-
BO089	nsomma	-	-
BO089	l'insieme	[SPEAKER_A]	l'insieme
BO089	di	[SPEAKER_A]	di
BO089	questi	[SPEAKER_A]	questi
BO089	records	[SPEAKER_A]	records
BO089	danno	[SPEAKER_A]	danno
BO089	vita	[SPEAKER_A]	vita
BO089	alla	[SPEAKER_A]	alla
BO089	banca	[SPEAKER_A]	banca
BO089	dati	[SPEAKER_A]	dati
BO087	eh	[SPEAKER_B]	grazie
BO087	mh	[SPEAKER_B]	va
-	-	[SPEAKER_B]	resistente
BO089	rispetto	[SPEAKER_B]	rispetto
BO089	al	[SPEAKER_B]	al
BO089	catalogo	[SPEAKER_B]	catalogo
BO089	tradizionale	[SPEAKER_B]	tradizionale
BO089	che	[SPEAKER_B]	che
BO089	era	[SPEAKER_B]	era
BO089	quello	[SPEAKER_B]	per
-	-	[SPEAKER_B]	lo
BO089	più	[SPEAKER_B]	più
BO089	un	[SPEAKER_B]	un
BO089	catalogo	[SPEAKER_B]	catalogo
BO089	a	[SPEAKER_B]	a
BO089	schede	[SPEAKER_B]	schede
BO089	mobili	[SPEAKER_B]	mobili
BO089	lasciando	[SPEAKER_B]	lasciando
BO089	perdere	[SPEAKER_B]	perdere
BO089	i	[SPEAKER_B]	i
BO089	cataloghi	[SPEAKER_B]	cataloghi
BO089	a	[SPEAKER_B]	a
BO089	volume	[SPEAKER_B]	volume
BO089	che	[SPEAKER_B]	che
BO089	pure	[SPEAKER_B]	pure
BO089	esistevano	[SPEAKER_B]	esistevano
BO087	sì	-	-
BO089	eh	-	-
BO089	mh	-	-
BO089	qual	[SPEAKER_B]	qual
BO089	è	[SPEAKER_B]	è
BO089	il	[SPEAKER_B]	il
BO089	vantaggio	[SPEAKER_B]	vantaggio
BO089	dell'opac	[SPEAKER_B]	dell'opac
BO087	eh	[SPEAKER_A]	grazie
BO087	permette	[SPEAKER_A]	permette
BO087	di	[SPEAKER_A]	di
BO087	eh	[SPEAKER_B]	grazie
BO087	mh	-	-
BO089	lei	-	-
BO089	ha	-	-
BO089	mai	-	-
BO089	usato	-	-
BO089	un	-	-
BO089	catalogo	-	-
BO089	a	[SPEAKER_B]	a
BO089	schede	[SPEAKER_B]	tutti
BO089	mobili	[SPEAKER_A]	eh
BO089	eh	[SPEAKER_A]	no
BO089	no	[SPEAKER_A]	no
BO087	no	[SPEAKER_A]	vabbè
BO089	male	-	-
BO089	va	-	-
BO089	bene	-	-
BO087	potrei	[SPEAKER_A]	potrei
BO087	iniziare	[SPEAKER_A]	iniziare
BO089	male	-	-
BO089	per	[SPEAKER_B]	per
BO089	due	[SPEAKER_B]	due
BO089	motivi	[SPEAKER_B]	motivi
BO089	primo	[SPEAKER_B]	primo
BO089	perché	[SPEAKER_B]	perché
BO089	così	[SPEAKER_B]	così
BO089	capisce	[SPEAKER_B]	capisce
BO089	la	[SPEAKER_B]	la
BO089	differenza	[SPEAKER_B]	differenza
BO089	tra	[SPEAKER_B]	tra
BO089	opac	[SPEAKER_B]	opa
BO089	e	[SPEAKER_B]	che
BO089	catalogo	[SPEAKER_B]	catalogo
BO089	tradizionale	[SPEAKER_B]	tradizionale
BO087	mh	-	-
BO087	mh	-	-
BO087	secondo	[SPEAKER_B]	secondo
BO087	questo	[SPEAKER_B]	perché
BO087	è	[SPEAKER_B]	è
BO087	un	[SPEAKER_B]	un
BO087	po'	[SPEAKER_B]	po'
BO087	più	[SPEAKER_B]	più
BO087	finalizzato	[SPEAKER_B]	finalizzato
BO087	a	[SPEAKER_B]	a
BO087	superare	[SPEAKER_B]	superare
BO087	l'esame	[SPEAKER_B]	l'esame
BO087	di	[SPEAKER_B]	di
BO087	bibliografia	[SPEAKER_B]	bibliografia
-	-	[SPEAKER_B]	e
BO087	quindi	[SPEAKER_B]	quindi
BO087	ha	[SPEAKER_B]	ha
BO087	mh	-	-
BO087	un	[SPEAKER_B]	un
BO087	valore	[SPEAKER_B]	valore
BO087	meno	[SPEAKER_B]	meno
BO087	meno	-	-
BO087	importante	[SPEAKER_B]	importante
BO089	invece	[SPEAKER_B]	invece
BO089	è	[SPEAKER_B]	è
BO089	molto	[SPEAKER_B]	molto
BO089	importante	[SPEAKER_B]	importante
BO089	perché	[SPEAKER_B]	perché
BO089	eh	-	-
BO089	soltanto	[SPEAKER_B]	soltanto
BO089	una	[SPEAKER_B]	una
BO089	minima	[SPEAKER_B]	minima
BO089	parte	[SPEAKER_B]	parte
BO089	delle	[SPEAKER_B]	delle
BO089	notizie	[SPEAKER_B]	notizie
BO089	bilbiografiche	[SPEAKER_B]	bibliografiche
BO089	sono	[SPEAKER_B]	sono
BO089	oggi	[SPEAKER_B]	oggi
BO089	consultabili	[SPEAKER_B]	consultabili
BO089	attraverso	[SPEAKER_B]	attraverso
BO089	l'opac	[SPEAKER_B]	l'opa
BO089	nonostante	-	-
BO087	mh	-	-
BO087	certo	[SPEAKER_B]	certo
BO087	gli	[SPEAKER_A]	certo
BO087	opac	[SPEAKER_A]	grazie
BO087	cumulano	-	-
BO087	normalmente	-	-
BO087	più	-	-
BO087	cataloghi	-	-
BO087	alle	-	-
BO087	volte	-	-
BO087	centinaia	-	-
BO087	di	-	-
BO087	cataloghi	-	-
BO087	dando	-	-
BO087	vita	-	-
BO087	a	-	-
BO087	milioni	-	-
BO087	di	-	-
BO087	record	-	-
BO087	bibliografici	-	-
BO087	materializzati	-	-
BO087	in	-	-
BO087	decine	-	-
BO087	di	-	-
BO087	milioni	-	-
BO087	di	-	-
BO087	esemplari	-	-
BO089	in	-	-
BO089	realtà	-	-
BO089	non	-	-
BO089	documentano	-	-
BO089	tutto	-	-
BO089	il	-	-
BO089	patrimonio	-	-
BO089	librario	-	-
BO089	delle	-	-
BO089	biblioteche	-	-
BO089	anche	-	-
BO089	solo	-	-
BO089	italiane	-	-
BO087	mh	-	-
BO087	mh	-	-
BO089	quindi	-	-
BO089	una	-	-
BO089	buona	-	-
BO089	ricerca	-	-
BO089	può	-	-
BO089	essere	-	-
BO089	deve	-	-
BO089	essere	-	-
BO089	fatta	-	-
BO089	oggi	-	-
BO089	anche	-	-
BO089	non	-	-
BO089	l'ho	-	-
BO089	m~	-	-
BO089	sì	[SPEAKER_A]	sì
BO089	certo	[SPEAKER_A]	certo
BO089	non	[SPEAKER_A]	non
BO089	l'ho	[SPEAKER_A]	l'ho
BO089	mai	[SPEAKER_A]	mai
BO089	fatto	[SPEAKER_A]	fatto
BO089	forse	[SPEAKER_A]	forse
BO089	perché	[SPEAKER_A]	perché
BO089	nel	[SPEAKER_A]	nel
BO089	mio	[SPEAKER_A]	mio
BO089	mh	-	-
BO089	ambito	[SPEAKER_A]	ambito
BO089	di	[SPEAKER_A]	di
BO089	studio	[SPEAKER_A]	studio
BO089	insomma	-	-
BO089	non	-	-
BO089	non	[SPEAKER_A]	non
BO089	ho	[SPEAKER_A]	ho
BO089	mai	[SPEAKER_A]	mai
BO089	avuto	[SPEAKER_A]	avuto
BO089	bisogno	[SPEAKER_A]	bisogno
BO089	di	[SPEAKER_A]	di
BO089	andare	[SPEAKER_A]	andare
BO089	a	[SPEAKER_A]	a
BO089	ricercare	[SPEAKER_A]	ricercare
BO089	eh	-	-
BO089	mh	-	-
BO089	pubblicazioni	[SPEAKER_A]	pubblicazioni
BO087	dat~	-	-
BO087	insomma	-	-
BO087	tanto	[SPEAKER_A]	tanto
BO087	datate	[SPEAKER_A]	datate
BO089	beh	-	-
BO089	autori	[SPEAKER_B]	autori
BO089	dell'ottocento	[SPEAKER_B]	dell'ottocento
BO089	che	[SPEAKER_B]	che
BO089	sono	[SPEAKER_B]	siamo
BO089	stati	[SPEAKER_B]	stati
BO089	tradotti	[SPEAKER_B]	tramonti
BO089	in	[SPEAKER_B]	in
BO089	italia	[SPEAKER_B]	italia
BO089	autori	[SPEAKER_B]	autori
BO089	cinesi	[SPEAKER_B]	cinesi
BO087	la	-	-
BO087	ma~	-	-
BO089	dell'ottocento	[SPEAKER_B]	dell'ottocento
BO089	che	[SPEAKER_B]	che
BO089	sono	[SPEAKER_B]	siamo
BO089	stati	[SPEAKER_B]	stati
BO089	tradotti	[SPEAKER_B]	tramontati
BO089	in	[SPEAKER_B]	in
BO089	italia	[SPEAKER_B]	italia
BO089	non	[SPEAKER_B]	non
BO089	ce	[SPEAKER_B]	ce
BO089	ne	[SPEAKER_B]	ne
BO089	sono	[SPEAKER_B]	sono
BO089	ma	[SPEAKER_A]	ma
BO089	n	-	-
BO089	le	-	-
BO089	n	-	-
BO087	sì	[SPEAKER_A]	sì
BO087	sì	[SPEAKER_A]	sì
BO087	ci	[SPEAKER_A]	ci
BO087	sono	[SPEAKER_A]	sono
BO089	eh	-	-
BO089	quelli	-	-
BO089	lei	-	-
BO089	non	-	-
BO089	li	-	-
BO089	trova	-	-
BO089	mica	-	-
BO087	però	[SPEAKER_A]	però
BO087	non	[SPEAKER_A]	non
BO087	non	[SPEAKER_A]	risalce
BO087	risal~	-	-
BO087	cioè	-	-
BO089	non	[SPEAKER_B]	non
BO089	li	[SPEAKER_B]	li
BO089	trova	[SPEAKER_B]	trova
BO089	nelle	[SPEAKER_B]	nelle
BO089	nelle	-	-
BO089	banche	[SPEAKER_B]	banche
BO089	dati	[SPEAKER_B]	dati
BO089	eh	-	-
BO089	lei	-	-
BO089	li	[SPEAKER_B]	li
BO089	trova	[SPEAKER_B]	trova
BO089	nei	[SPEAKER_B]	nei
BO089	cataloghi	[SPEAKER_B]	cataloghi
BO089	a	[SPEAKER_B]	a
BO089	schede	[SPEAKER_B]	schede
BO089	mh	[SPEAKER_A]	ok
BO089	direttamente	-	-
BO089	lì	-	-
BO087	okay	-	-
BO087	sì	-	-
BO089	o	-	-
BO089	più	-	-
BO089	o	-	-
BO089	meno	-	-
BO087	quindi	-	-
BO087	già	[SPEAKER_B]	già
BO087	credo	[SPEAKER_B]	credo
BO087	che	[SPEAKER_B]	che
BO087	voi	[SPEAKER_B]	poi
BO087	la	[SPEAKER_B]	la
BO087	letteratura	[SPEAKER_B]	letteratura
BO087	cioè	[SPEAKER_B]	cioè
BO087	i	[SPEAKER_B]	i
BO087	testi	[SPEAKER_B]	testi
BO087	che	[SPEAKER_B]	che
BO087	hanno	[SPEAKER_B]	hanno
BO087	a	[SPEAKER_B]	a
BO087	che	[SPEAKER_B]	che
BO087	fare	[SPEAKER_B]	fare
BO087	con	[SPEAKER_B]	con
BO087	altre	[SPEAKER_B]	altre
BO087	lingue	[SPEAKER_B]	lingue
BO089	non	[SPEAKER_B]	non
BO089	sono	[SPEAKER_B]	sono
BO089	mica	[SPEAKER_B]	mica
BO089	tanto	[SPEAKER_B]	tanto
BO089	trattati	[SPEAKER_B]	trattati
BO089	anche	[SPEAKER_B]	neanche
BO089	negli	[SPEAKER_B]	negli
BO089	opac	[SPEAKER_B]	opaca
BO089	eh	-	-
BO089	mh	-	-
BO089	sì	[SPEAKER_A]	sì
BO089	infatti	[SPEAKER_A]	infatti
BO089	non	[SPEAKER_A]	non
BO089	è	[SPEAKER_A]	è
BO089	che	[SPEAKER_A]	che
BO089	ho	[SPEAKER_A]	ho
BO089	trovato	[SPEAKER_A]	trovato
BO089	molto	[SPEAKER_A]	molto
BO087	cioè	-	-
BO089	è	[SPEAKER_A]	è
BO089	un	[SPEAKER_A]	un
BO089	grande	[SPEAKER_A]	grande
BO089	limite	[SPEAKER_A]	limite
BO089	questo	[SPEAKER_A]	questo
BO089	del	-	-
BO089	eh	-	-
BO089	dell'opac	[SPEAKER_A]	dell'opac
BO089	proprio	[SPEAKER_A]	proprio
BO089	perché	[SPEAKER_A]	perché
BO089	mh	-	-
BO089	mh	-	-
BO089	mh	-	-
BO089	sì	-	-
BO087	c'erano	-	-
BO087	c'era	[SPEAKER_A]	c'era
BO087	una	[SPEAKER_A]	una
BO087	bibliografia	[SPEAKER_A]	bibliografia
BO087	su	[SPEAKER_A]	su
BO087	in	[SPEAKER_A]	in
BO087	generali	[SPEAKER_A]	generale
BO087	studi	[SPEAKER_A]	studi
BO087	eh	-	-
BO087	orientali	[SPEAKER_A]	orientali
BO087	ma	[SPEAKER_A]	ma
BO087	mh	-	-
BO087	vecchissima	[SPEAKER_A]	vecchissima
BO089	sì	[SPEAKER_A]	c'era
BO089	sì	[SPEAKER_A]	veramente
BO089	sì	[SPEAKER_A]	pochissima
BO089	no	[SPEAKER_A]	roba
BO089	bisogna	[SPEAKER_B]	un
BO089	andare	[SPEAKER_B]	grande
BO089	ancora	[SPEAKER_B]	limite
BO089	xx	[SPEAKER_B]	questo
BO089	volumi	[SPEAKER_B]	dell'opaco
BO089	cartacei	[SPEAKER_B]	grazie
BO089	per	[SPEAKER_B]	per
BO089	cercare	[SPEAKER_B]	cercare
BO089	bibliografie	[SPEAKER_B]	bibliografie
BO089	e	[SPEAKER_B]	e
BO089	per	[SPEAKER_B]	per
BO089	cercare	[SPEAKER_B]	cercare
BO089	testi	[SPEAKER_B]	testi
BO089	c'era	-	-
BO089	mh	-	-
BO089	veramente	-	-
BO089	mh	-	-
BO089	pochissima	-	-
BO089	roba	-	-
BO087	mh	-	-
BO087	mh	-	-
BO089	va	[SPEAKER_B]	va
BO089	bene	[SPEAKER_B]	bene
BO089	rossi	-	-
BO089	io	-	-
BO089	sono	[SPEAKER_B]	sono
BO089	contento	[SPEAKER_B]	contento
BO089	e	[SPEAKER_B]	e
BO089	le	[SPEAKER_B]	le
BO089	do	[SPEAKER_B]	do
BO089	trenta	[SPEAKER_B]	tre
-	-	[SPEAKER_A]	grazie
BO087	grazie	[SPEAKER_A]	grazie
BO089	non	[SPEAKER_B]	non
BO089	le	[SPEAKER_B]	le
BO089	do	[SPEAKER_B]	do
BO089	la	[SPEAKER_B]	la
BO089	lode	[SPEAKER_B]	loda
BO089	per	[SPEAKER_B]	per
BO089	la	[SPEAKER_B]	la
BO089	questione	[SPEAKER_B]	questione
BO089	del	[SPEAKER_B]	del
BO089	eh	-	-
BO089	dei	[SPEAKER_A]	dei
BO089	cataloghi	[SPEAKER_A]	cataloghi
BO087	no	[SPEAKER_B]	no
BO087	no	[SPEAKER_B]	no
BO089	no	[SPEAKER_B]	è
BO089	per	[SPEAKER_B]	una
BO089	la	-	-
BO089	questione	[SPEAKER_B]	questione
BO089	della	[SPEAKER_B]	della
BO089	numerazione	[SPEAKER_B]	numerazione
BO089	dei	[SPEAKER_B]	dei
BO089	periodici	[SPEAKER_B]	periodici
BO089	perché	[SPEAKER_B]	perché
BO089	lei	[SPEAKER_B]	lei
BO089	non	[SPEAKER_B]	non
BO089	la	[SPEAKER_B]	lo
BO089	sapeva	[SPEAKER_B]	sapeva
BO089	se	[SPEAKER_B]	su
BO089	io	[SPEAKER_B]	quella
BO089	gliela	[SPEAKER_B]	che
BO089	chiedevo	[SPEAKER_B]	devo
BO089	lei	[SPEAKER_B]	dire
BO089	non	[SPEAKER_B]	non
BO089	la	[SPEAKER_B]	lo
BO089	sapeva	[SPEAKER_B]	sapeva
BO089	mh	[SPEAKER_A]	lei
BO087	sì	[SPEAKER_A]	non
BO087	sì	[SPEAKER_A]	la
-	-	[SPEAKER_A]	sapeva
BO089	anche	[SPEAKER_B]	anche
BO089	per	[SPEAKER_B]	per
BO089	la	[SPEAKER_B]	la
BO089	sua	[SPEAKER_B]	sua
BO089	onestà	[SPEAKER_B]	nesta
BO089	insomma	[SPEAKER_B]	insomma
BO089	quindi	-	-
BO087	ah	[SPEAKER_A]	ah
BO087	no	[SPEAKER_A]	no
BO087	ma	[SPEAKER_A]	ma
BO089	e	-	-
BO087	ne	[SPEAKER_A]	ne
BO087	sono	[SPEAKER_A]	sono
BO087	consapevole	[SPEAKER_A]	consapevole
BO087	perché	[SPEAKER_B]	perché
BO087	no	[SPEAKER_B]	no
BO087	mi	[SPEAKER_B]	mi
BO087	ha	[SPEAKER_B]	ha
BO087	fatto	[SPEAKER_B]	fatto
BO087	l'intervento	[SPEAKER_B]	l'intervento
BO087	delle	[SPEAKER_B]	delle
BO087	delle	[SPEAKER_B]	bibliografie
BO087	bilbiografie	-	-
BO087	locali	[SPEAKER_B]	locali
BO087	passando	[SPEAKER_B]	passando
BO089	diciamo	-	-
BO089	dalla	[SPEAKER_B]	dalla
BO089	prospettiva	[SPEAKER_B]	prospettiva
BO089	della	[SPEAKER_B]	della
BO089	storia	[SPEAKER_B]	storia
BO089	della	[SPEAKER_B]	della
BO089	bibliografia	[SPEAKER_B]	bibliografia
BO087	mh	-	-
BO087	mh	-	-
BO087	che	[SPEAKER_B]	che
BO087	mi	[SPEAKER_B]	mi
BO087	è	[SPEAKER_B]	è
BO087	piaicuto	[SPEAKER_B]	piaciuto
BO087	molto	[SPEAKER_B]	molto
BO087	quindi	[SPEAKER_B]	quindi
BO087	la	[SPEAKER_B]	la
BO087	volevo	[SPEAKER_B]	volevo
BO087	dare	[SPEAKER_B]	dare
BO087	ma	[SPEAKER_B]	ma
BO087	poi	[SPEAKER_B]	poi
BO087	ho	[SPEAKER_B]	ho
BO087	pensato	[SPEAKER_B]	ripensato
BO087	e	[SPEAKER_A]	grazie
BO087	ho	-	-
BO087	detto	-	-
BO089	se	-	-
BO089	l'è	-	-
BO089	giocata	-	-
BO089	lì	-	-
BO089	no	[SPEAKER_A]	no
BO089	ma	[SPEAKER_A]	ma
BO089	va	[SPEAKER_A]	va
BO089	bene	[SPEAKER_A]	bene
BO089	almeno	-	-
BO089	almeno	[SPEAKER_A]	almeno
BO089	l'imparo	[SPEAKER_A]	l'imparo
BO087	che	[SPEAKER_A]	che
BO087	mi	[SPEAKER_A]	mi
BO087	servirà	[SPEAKER_A]	servirà
BO089	allora	[SPEAKER_B]	allora
BO089	le	[SPEAKER_B]	le
BO089	chiedo	[SPEAKER_B]	chiedo
BO089	la	[SPEAKER_B]	la
BO089	sua	[SPEAKER_B]	sua
BO089	password	[SPEAKER_B]	password
BO089	senza	[SPEAKER_B]	senza
BO089	digitare	[SPEAKER_B]	digitare
BO089	invio	[SPEAKER_B]	un
-	-	[SPEAKER_B]	video
BO089	però	[SPEAKER_B]	però
BO089	eh	[SPEAKER_B]	ok
BO087	sì	[SPEAKER_B]	aspetta
BO089	aspetti	[SPEAKER_B]	che
BO089	che	[SPEAKER_B]	ho
BO089	qui	[SPEAKER_B]	anche
BO089	che	-	-
BO089	qua	[SPEAKER_B]	qua
BO089	ecco	[SPEAKER_B]	ecco
BO089	eh	-	-
BO087	vado	[SPEAKER_B]	vado
BO087	sì	[SPEAKER_B]	sì
BO089	perfetto	[SPEAKER_A]	ma
BO087	andata	[SPEAKER_A]	no
BO087	sì	-	-
BO089	andata	-	-
BO089	okay	-	-
BO087	arrivederci	-	-
BO087	grazie	[SPEAKER_A]	grazie
BO087	grazie	-	-
BO087	arrivederci	-	-
